240,179,11.529,0,46,57
269,179,10.878,0,48,57
271,170,8.5276,0,39,56
253,244,8.2314,0,41,34
203,164,7.0976,0,17,13
288,247,6.5061,0,65,81
41,12,6.4444,0,57,29
44,12,5.9452,0,45,29
41,13,5.8123,0,57,76
17,7,5.4627,0,17,37
290,275,5.317,0,21,51
42,24,5.3049,0,30,56
272,247,5.2771,0,73,81
297,82,5.275,0,70,52
304,121,5.2614,0,67,78
17,6,5.2018,0,17,50
268,257,5.1532,0,27,42
241,174,5.1378,0,76,80
307,157,5.0617,0,21,21
208,175,4.941,0,27,37
252,225,4.8978,0,75,63
30,23,4.843,0,66,60
207,168,4.8116,0,28,20
245,184,4.7564,0,22,25
283,258,4.7054,0,12,17
256,230,4.6173,0,40,14
41,9,4.6166,0,57,59
273,166,4.541,0,60,42
243,167,4.5398,0,48,35
201,171,4.5118,0,47,36
241,179,4.5048,0,76,57
329,177,4.5007,0,33,22
28,22,4.3144,0,23,67
204,172,4.2658,0,59,21
321,169,4.2457,0,24,23
56,50,4.23,0,78,61
302,86,4.1937,0,25,18
38,23,4.1865,0,70,60
329,173,4.1307,0,33,37
119,65,4.1253,0,51,68
298,86,4.0939,0,22,18
123,83,4.0658,0,58,41
204,171,3.9699,0,59,36
20,13,3.9565,0,87,76
42,23,3.9538,0,30,60
294,85,3.9155,0,18,14
239,183,3.9151,0,49,43
260,234,3.894,0,16,15
326,275,3.8177,0,73,51
200,171,3.8104,0,77,36
301,87,3.76,0,31,43
241,182,3.7477,0,76,70
268,242,3.7425,0,27,34
208,172,3.7398,0,27,21
204,168,3.7297,0,59,20
288,272,3.7082,0,65,73
325,173,3.7027,0,19,37
300,148,3.6969,0,66,23
260,230,3.6429,0,16,14
203,168,3.6364,0,17,20
240,181,3.5844,0,46,36
30,22,3.5375,0,66,67
287,271,3.5051,0,65,39
301,86,3.5044,0,31,18
204,175,3.4966,0,59,37
322,290,3.4814,0,22,21
327,285,3.4763,0,21,29
259,226,3.4377,0,31,25
20,6,3.4133,0,87,50
256,226,3.4076,0,40,25
92,62,3.391,0,56,16
274,246,3.3574,0,68,48
21,6,3.348,0,94,50
199,164,3.3384,0,18,13
282,254,3.3276,0,20,33
253,229,3.3266,0,41,22
274,247,3.3256,0,68,81
321,161,3.3164,0,24,18
324,290,3.3045,0,33,21
110,97,3.2915,0,17,19
253,185,3.2829,0,41,38
200,167,3.2828,0,77,35
287,173,3.2764,0,65,37
250,244,3.2718,0,83,34
45,4,3.2562,0,69,22
275,247,3.2505,0,51,81
34,15,3.2081,0,69,85
291,161,3.1717,0,46,18
305,90,3.1667,0,43,16
45,9,3.1601,0,69,59
321,166,3.1524,0,24,42
240,180,3.1391,0,46,37
61,53,3.1066,0,40,80
291,274,3.0928,0,46,68
319,299,3.0755,0,37,11
268,262,3.0703,0,27,36
272,250,3.055,0,73,83
13,6,3.0317,0,76,50
35,23,3.0242,0,57,60
39,23,3.0075,0,25,60
207,172,3.0073,0,28,21
294,82,3.0067,0,18,52
288,250,3.0043,0,65,83
98,84,3.0032,0,27,44
20,9,2.9884,0,87,59
304,123,2.9755,0,67,58
329,287,2.9636,0,33,65
287,265,2.9571,0,65,83
305,92,2.9364,0,43,56
205,182,2.9296,0,51,70
198,184,2.9207,0,31,25
317,299,2.9172,0,13,11
120,62,2.9134,0,67,16
27,18,2.9127,0,14,32
45,12,2.9006,0,69,29
243,170,2.8911,0,48,56
39,26,2.8869,0,25,32
328,287,2.8816,0,66,65
197,163,2.8741,0,87,41
253,242,2.8561,0,41,34
19,6,2.8512,0,91,50
256,233,2.8446,0,40,57
21,10,2.8227,0,94,92
293,75,2.8188,0,15,44
269,177,2.8141,0,48,22
114,97,2.8062,0,53,19
27,6,2.8019,0,14,50
271,174,2.7916,0,39,80
20,10,2.7887,0,87,92
320,165,2.7882,0,32,13
87,64,2.7843,0,43,59
329,269,2.7771,0,33,48
95,63,2.772,0,31,36
35,26,2.765,0,57,32
116,48,2.7617,0,14,22
296,148,2.7327,0,31,23
208,176,2.7271,0,27,22
27,21,2.7219,0,14,94
22,6,2.7093,0,67,50
83,66,2.704,0,41,37
328,265,2.7018,0,66,83
123,64,2.6866,0,58,59
264,254,2.6748,0,51,33
98,81,2.6699,0,27,20
276,247,2.6685,0,25,81
276,74,2.6553,0,25,44
291,163,2.6544,0,46,41
240,182,2.6525,0,46,70
286,250,2.6475,0,75,83
264,257,2.6466,0,51,42
159,146,2.6456,0,66,71
301,83,2.6411,0,31,41
21,13,2.6335,0,94,76
288,279,2.6215,0,65,38
205,171,2.6205,0,51,36
193,160,2.6164,0,15,13
287,269,2.6037,0,65,48
270,254,2.5895,0,44,33
242,229,2.5892,0,34,22
278,247,2.5848,0,29,81
106,88,2.58,0,19,16
238,181,2.5473,0,16,36
113,93,2.5472,0,13,16
255,226,2.5453,0,22,25
273,163,2.541,0,60,41
80,66,2.5365,0,22,37
288,275,2.5361,0,65,51
276,248,2.5357,0,25,15
38,13,2.5354,0,70,76
120,60,2.5299,0,67,24
29,22,2.5259,0,11,67
274,197,2.5197,0,68,87
38,32,2.5184,0,70,33
201,184,2.5104,0,47,25
283,255,2.508,0,12,22
94,66,2.5076,0,34,37
292,161,2.5024,0,53,18
325,177,2.5,0,19,22
198,186,2.4988,0,31,27
255,222,2.4894,0,22,9
156,147,2.4889,0,13,26
323,173,2.4826,0,69,37
42,21,2.4747,0,30,94
313,141,2.4738,0,9,10
34,19,2.4684,0,69,91
59,53,2.4658,0,22,80
16,10,2.4645,0,84,92
245,220,2.463,0,22,29
44,38,2.4552,0,45,70
15,9,2.4537,0,85,59
76,69,2.451,0,52,45
287,250,2.4509,0,65,83
38,20,2.4471,0,70,87
271,243,2.436,0,39,48
94,87,2.4278,0,34,43
153,141,2.4261,0,12,10
288,276,2.4209,0,65,25
147,80,2.4029,0,26,22
93,63,2.4004,0,16,36
283,259,2.3954,0,12,31
126,99,2.3935,0,19,25
210,175,2.3926,0,35,37
328,269,2.3912,0,66,48
131,102,2.3885,0,17,20
245,194,2.3738,0,22,18
257,229,2.3729,0,42,22
196,163,2.3728,0,19,41
321,289,2.3687,0,24,49
232,183,2.365,0,50,43
260,233,2.3619,0,16,57
297,83,2.3616,0,70,41
286,272,2.3591,0,75,73
293,79,2.3578,0,15,30
284,255,2.3531,0,77,22
38,30,2.3506,0,70,66
29,23,2.3451,0,11,60
209,202,2.3441,0,53,21
289,170,2.3396,0,49,56
210,180,2.3376,0,35,37
318,160,2.3375,0,16,13
80,18,2.3372,0,22,32
252,229,2.3364,0,75,22
308,92,2.3355,0,39,56
326,287,2.3232,0,73,65
117,93,2.3227,0,21,16
286,270,2.3095,0,75,44
256,229,2.3011,0,40,22
37,15,2.2993,0,39,85
120,61,2.2955,0,67,40
81,72,2.2937,0,20,19
329,174,2.289,0,33,80
61,50,2.2883,0,40,61
34,13,2.2843,0,69,76
217,189,2.2825,0,16,14
319,292,2.2825,0,37,53
296,22,2.2824,0,31,67
75,18,2.2812,0,44,32
284,265,2.2801,0,77,83
196,164,2.2792,0,19,13
303,157,2.2742,0,36,21
326,288,2.2733,0,73,65
200,164,2.2713,0,77,13
137,104,2.2688,0,12,13
267,261,2.268,0,63,70
116,51,2.2675,0,14,24
24,18,2.265,0,56,32
272,244,2.2614,0,73,34
288,270,2.2601,0,65,44
243,184,2.2592,0,48,25
274,163,2.2582,0,68,41
309,90,2.2551,0,16,16
42,6,2.2544,0,30,50
38,21,2.2523,0,70,94
291,273,2.2504,0,46,60
17,11,2.2501,0,17,30
18,10,2.2305,0,32,92
78,72,2.2233,0,34,19
194,187,2.2229,0,18,55
114,65,2.2185,0,53,68
100,85,2.2161,0,15,14
113,97,2.2139,0,13,19
296,75,2.213,0,31,44
259,230,2.2109,0,31,14
193,125,2.2107,0,15,14
220,187,2.2078,0,29,55
231,216,2.2077,0,19,14
285,255,2.2075,0,29,22
279,247,2.198,0,38,81
287,264,2.1962,0,65,51
248,74,2.1957,0,15,44
302,90,2.1953,0,25,16
286,247,2.1939,0,75,81
318,162,2.1896,0,16,72
323,287,2.1883,0,69,65
97,84,2.1873,0,19,44
97,65,2.1857,0,19,68
298,85,2.1839,0,22,14
284,21,2.182,0,77,94
111,99,2.181,0,32,25
38,10,2.1809,0,70,92
160,149,2.1797,0,13,35
262,238,2.1771,0,36,16
317,303,2.1755,0,13,36
224,217,2.174,0,22,16
18,6,2.1664,0,32,50
252,226,2.1662,0,75,25
161,150,2.1662,0,18,33
298,89,2.1646,0,22,21
132,105,2.1616,0,15,32
76,68,2.1616,0,52,34
276,251,2.1572,0,25,24
289,273,2.1554,0,49,60
273,197,2.1543,0,60,87
30,19,2.154,0,66,91
283,71,2.1534,0,12,27
200,163,2.1517,0,77,41
205,175,2.1503,0,51,37
278,251,2.1488,0,29,24
273,243,2.1463,0,60,48
55,44,2.1423,0,25,45
240,177,2.1415,0,46,22
316,158,2.1357,0,9,26
45,13,2.1332,0,69,76
193,150,2.1324,0,15,33
107,99,2.131,0,49,25
193,148,2.1308,0,15,23
56,49,2.1304,0,78,71
194,186,2.1296,0,18,27
280,255,2.1249,0,18,22
150,127,2.1224,0,33,18
154,135,2.1166,0,10,10
308,120,2.1159,0,39,67
293,78,2.1159,0,15,34
45,38,2.1151,0,69,70
271,167,2.1123,0,39,35
316,127,2.1058,0,9,18
322,292,2.1045,0,22,53
294,78,2.0961,0,18,34
42,20,2.0941,0,30,87
279,251,2.0939,0,38,24
217,129,2.0913,0,16,11
247,34,2.0896,0,81,69
37,13,2.0886,0,39,76
158,104,2.0881,0,26,13
293,274,2.087,0,15,68
193,161,2.085,0,15,18
29,17,2.0837,0,11,17
134,101,2.0832,0,20,10
100,81,2.0825,0,15,20
117,22,2.0823,0,21,67
21,15,2.0795,0,94,85
252,246,2.0783,0,75,48
224,218,2.0783,0,22,37
243,201,2.0763,0,48,47
278,222,2.0736,0,29,9
217,158,2.0728,0,16,26
242,183,2.0718,0,34,43
100,93,2.0716,0,15,16
192,151,2.071,0,13,7
274,73,2.0692,0,68,37
193,163,2.0662,0,15,41
118,63,2.0657,0,28,36
147,124,2.0652,0,26,31
324,275,2.0648,0,33,51
122,65,2.0642,0,30,68
153,101,2.0629,0,12,10
205,197,2.0594,0,51,87
313,153,2.0567,0,9,12
237,181,2.0554,0,20,36
270,253,2.0545,0,44,41
283,191,2.0526,0,12,14
193,65,2.0525,0,15,68
286,265,2.0523,0,75,83
56,48,2.0498,0,78,22
277,78,2.0486,0,22,34
81,70,2.0475,0,20,31
234,217,2.0465,0,15,16
265,21,2.044,0,83,94
215,115,2.0389,0,25,25
141,104,2.0385,0,10,13
315,105,2.0381,0,9,32
117,95,2.0367,0,21,31
291,149,2.0359,0,46,35
154,134,2.0356,0,10,20
93,29,2.0351,0,16,11
42,30,2.0342,0,30,66
117,51,2.0334,0,21,24
148,79,2.0328,0,23,30
296,125,2.0319,0,31,14
93,51,2.0316,0,16,24
286,279,2.0315,0,75,38
296,163,2.0294,0,31,41
158,151,2.0285,0,26,7
215,198,2.0267,0,25,31
316,160,2.0265,0,9,13
117,63,2.026,0,21,36
281,222,2.0252,0,20,9
248,76,2.0233,0,15,52
40,28,2.0192,0,27,23
175,168,2.0186,0,37,20
24,6,2.0134,0,56,50
34,23,2.0128,0,69,60
235,151,2.0113,0,14,7
193,130,2.0112,0,15,15
16,9,2.0074,0,84,59
286,254,2.0072,0,75,33
193,101,2.0058,0,15,10
213,131,2.0043,0,13,17
245,201,2.0036,0,22,47
241,178,2.0027,0,76,88
323,271,1.9991,0,69,39
143,122,1.9965,0,25,30
213,156,1.9949,0,13,13
152,51,1.9947,0,12,24
176,168,1.9929,0,22,20
200,168,1.9925,0,77,20
139,107,1.9902,0,15,49
17,10,1.9887,0,17,92
156,139,1.9887,0,13,15
141,115,1.9833,0,10,25
281,255,1.9832,0,20,22
193,186,1.9832,0,15,27
314,141,1.9808,0,21,10
41,6,1.9807,0,57,50
117,62,1.9802,0,21,16
314,215,1.9802,0,21,25
214,189,1.9792,0,14,14
317,189,1.9788,0,13,14
156,145,1.9784,0,13,27
94,84,1.9783,0,34,44
35,27,1.978,0,57,14
59,52,1.9778,0,22,19
120,65,1.9767,0,67,68
53,44,1.9761,0,80,45
150,97,1.9754,0,33,19
247,21,1.9727,0,81,94
269,240,1.9719,0,48,46
249,21,1.9718,0,30,94
320,161,1.9715,0,32,18
134,102,1.9708,0,20,20
318,137,1.97,0,16,12
110,77,1.9687,0,17,26
315,157,1.9684,0,9,21
299,159,1.9682,0,11,66
213,138,1.968,0,13,26
30,24,1.9662,0,66,56
287,270,1.9654,0,65,44
306,90,1.965,0,15,16
328,321,1.9622,0,66,24
274,75,1.9621,0,68,44
283,68,1.962,0,12,34
270,257,1.9619,0,44,42
251,244,1.9618,0,24,34
308,64,1.9611,0,39,59
198,189,1.9585,0,31,14
47,21,1.9572,0,88,94
216,154,1.9558,0,14,10
135,129,1.9552,0,10,11
293,248,1.9548,0,15,15
222,132,1.9531,0,9,15
107,69,1.9531,0,49,45
212,128,1.9505,0,18,13
152,136,1.9504,0,12,10
245,186,1.9497,0,22,27
326,279,1.9495,0,73,38
201,18,1.948,0,47,32
125,76,1.9479,0,14,52
191,128,1.9476,0,14,13
288,264,1.9467,0,65,51
238,142,1.9464,0,16,22
133,127,1.9456,0,10,18
269,178,1.9451,0,48,88
320,162,1.9442,0,32,72
139,130,1.9439,0,15,15
186,130,1.9419,0,27,15
187,18,1.941,0,55,32
59,50,1.9406,0,22,61
111,70,1.9399,0,32,31
226,132,1.9395,0,25,15
217,52,1.9386,0,16,19
296,161,1.9383,0,31,18
275,197,1.938,0,51,87
249,220,1.9378,0,30,29
193,127,1.9377,0,15,18
209,149,1.9372,0,53,35
132,106,1.9366,0,15,19
304,146,1.9355,0,67,71
278,245,1.934,0,29,22
306,299,1.9322,0,15,11
192,150,1.9319,0,13,33
270,264,1.9316,0,44,51
214,151,1.9303,0,14,7
155,138,1.9302,0,11,26
239,233,1.9293,0,49,57
313,283,1.929,0,9,12
143,118,1.9288,0,25,28
282,251,1.9268,0,20,24
276,76,1.9257,0,25,52
289,166,1.9257,0,49,42
222,74,1.9246,0,9,44
300,293,1.922,0,66,15
140,133,1.9211,0,9,10
150,126,1.9208,0,33,19
118,51,1.9202,0,28,24
42,27,1.9199,0,30,14
143,137,1.9194,0,25,12
139,101,1.9192,0,15,10
25,19,1.9189,0,67,91
285,152,1.9165,0,29,12
216,133,1.9158,0,14,10
161,149,1.9156,0,18,35
117,110,1.9154,0,21,17
144,121,1.9152,0,80,78
194,30,1.9149,0,18,66
191,62,1.9147,0,14,16
192,84,1.9143,0,13,44
137,112,1.9127,0,12,22
154,128,1.9122,0,10,13
35,28,1.9117,0,57,23
249,187,1.9114,0,30,55
288,265,1.9103,0,65,83
217,188,1.9103,0,16,31
138,132,1.9088,0,26,15
107,98,1.9075,0,49,27
134,126,1.9062,0,20,19
278,248,1.9056,0,29,15
257,247,1.9046,0,42,81
139,102,1.9043,0,15,20
193,73,1.9043,0,15,37
110,99,1.9037,0,17,25
109,88,1.9036,0,19,16
47,38,1.9033,0,88,70
192,154,1.9029,0,13,10
217,156,1.9018,0,16,13
217,142,1.9007,0,16,22
156,133,1.9005,0,13,10
52,39,1.8994,0,19,25
303,159,1.899,0,36,66
69,62,1.8989,0,45,16
60,53,1.8982,0,24,80
322,169,1.8969,0,22,23
314,189,1.8969,0,21,14
56,47,1.8967,0,78,88
293,276,1.8966,0,15,25
58,50,1.8959,0,18,61
151,104,1.8958,0,7,13
65,50,1.8957,0,68,61
297,289,1.8957,0,70,49
316,131,1.8954,0,9,17
326,285,1.8953,0,73,29
96,80,1.8947,0,44,22
314,139,1.8947,0,21,15
275,250,1.8945,0,51,83
57,50,1.8927,0,25,61
30,20,1.8918,0,66,87
81,71,1.8913,0,20,27
283,138,1.8913,0,12,26
99,69,1.8907,0,25,45
312,131,1.8905,0,12,17
315,132,1.8888,0,9,15
117,97,1.8887,0,21,19
315,153,1.8878,0,9,12
138,130,1.8868,0,26,15
248,73,1.8864,0,15,37
245,22,1.8861,0,22,67
191,29,1.885,0,14,11
156,109,1.8844,0,13,19
154,133,1.8837,0,10,10
193,149,1.8827,0,15,35
227,153,1.8799,0,18,12
167,148,1.879,0,35,23
145,139,1.8781,0,27,15
211,100,1.8779,0,14,15
62,51,1.8778,0,16,24
137,109,1.8772,0,12,19
269,241,1.8762,0,48,76
193,126,1.876,0,15,19
214,202,1.8757,0,14,21
245,193,1.8754,0,22,15
235,195,1.875,0,14,16
238,212,1.8746,0,16,18
156,136,1.8743,0,13,10
57,7,1.8736,0,25,37
287,275,1.873,0,65,51
25,18,1.8724,0,67,32
301,90,1.8722,0,31,16
147,129,1.8722,0,26,11
293,187,1.8719,0,15,55
234,227,1.8715,0,15,18
190,32,1.8702,0,18,33
274,47,1.8696,0,68,88
130,108,1.8696,0,15,16
217,104,1.8688,0,16,13
155,141,1.868,0,11,10
160,147,1.8679,0,13,26
285,70,1.8676,0,29,31
118,93,1.8645,0,28,16
93,84,1.8637,0,16,44
288,274,1.8636,0,65,68
134,108,1.8635,0,20,16
317,133,1.8628,0,13,10
150,140,1.8617,0,33,9
197,166,1.8615,0,87,42
318,158,1.8614,0,16,26
294,222,1.8607,0,18,9
201,167,1.8596,0,47,35
164,110,1.8578,0,13,17
191,156,1.8563,0,14,13
252,218,1.8562,0,75,37
108,51,1.8552,0,16,24
182,174,1.8549,0,70,80
274,250,1.8548,0,68,83
157,104,1.8544,0,21,13
314,155,1.8522,0,21,11
133,108,1.8516,0,10,16
151,106,1.8504,0,7,19
220,194,1.8504,0,29,18
214,129,1.8502,0,14,11
196,190,1.8487,0,19,18
217,186,1.8484,0,16,27
299,293,1.8483,0,11,15
201,182,1.8478,0,47,70
212,109,1.8477,0,18,19
152,138,1.8474,0,12,26
92,64,1.846,0,56,59
249,224,1.8457,0,30,22
140,129,1.8456,0,9,11
285,259,1.8454,0,29,31
140,130,1.8442,0,9,15
279,246,1.8441,0,38,48
222,190,1.8428,0,9,18
189,128,1.8426,0,14,13
274,126,1.8426,0,68,19
97,70,1.8408,0,19,31
94,83,1.8407,0,34,41
285,279,1.8391,0,29,38
320,169,1.8388,0,32,23
328,284,1.8386,0,66,77
34,28,1.8371,0,69,23
152,134,1.8369,0,12,20
250,174,1.8365,0,83,80
208,198,1.8365,0,27,31
190,151,1.8343,0,18,7
27,7,1.8343,0,14,37
142,127,1.834,0,22,18
272,246,1.8332,0,73,48
152,133,1.8328,0,12,10
107,71,1.8328,0,49,27
138,104,1.8324,0,26,13
126,97,1.8319,0,19,19
98,69,1.8316,0,27,45
236,217,1.8313,0,15,16
221,161,1.8312,0,26,18
77,71,1.8293,0,26,27
237,155,1.8287,0,20,11
271,166,1.8286,0,39,42
182,175,1.8282,0,70,37
312,154,1.8271,0,12,10
214,183,1.8264,0,14,43
237,215,1.8248,0,20,25
253,193,1.8248,0,41,15
84,73,1.8234,0,44,37
110,98,1.8232,0,17,27
138,128,1.8231,0,26,13
192,27,1.823,0,13,14
245,158,1.8229,0,22,26
158,100,1.8227,0,26,15
213,181,1.8226,0,13,36
230,221,1.8226,0,14,26
274,248,1.8225,0,68,15
115,48,1.8225,0,25,22
316,236,1.8222,0,9,15
245,198,1.8217,0,22,31
151,93,1.8209,0,7,16
294,81,1.8205,0,18,20
192,152,1.8203,0,13,12
318,150,1.8197,0,16,33
216,195,1.8192,0,14,16
301,123,1.8189,0,31,58
143,72,1.8188,0,25,19
283,156,1.8181,0,12,13
119,95,1.8181,0,51,31
164,29,1.8176,0,13,11
151,29,1.8172,0,7,11
143,115,1.8172,0,25,25
324,288,1.8171,0,33,65
240,178,1.8168,0,46,88
186,128,1.8157,0,27,13
45,21,1.8157,0,69,94
68,61,1.8153,0,34,40
133,97,1.8148,0,10,19
135,101,1.8147,0,10,10
143,116,1.8142,0,25,14
155,129,1.8131,0,11,11
148,29,1.8129,0,23,11
189,152,1.8128,0,14,12
156,108,1.8127,0,13,16
134,104,1.812,0,20,13
193,75,1.8115,0,15,44
94,54,1.8112,0,34,54
276,73,1.8111,0,25,37
235,133,1.8098,0,14,10
156,106,1.8089,0,13,19
195,186,1.8078,0,16,27
188,152,1.8076,0,31,12
53,47,1.8075,0,80,88
279,272,1.8074,0,38,73
23,13,1.8069,0,60,76
98,27,1.8068,0,27,14
235,129,1.8055,0,14,11
99,29,1.8053,0,25,11
283,129,1.8046,0,12,11
276,75,1.8034,0,25,44
214,101,1.8032,0,14,10
293,125,1.8025,0,15,14
280,195,1.8023,0,18,16
235,214,1.8005,0,14,14
196,160,1.7992,0,19,13
38,9,1.7989,0,70,59
315,130,1.7989,0,9,15
191,76,1.7989,0,14,52
191,132,1.7988,0,14,15
192,129,1.7982,0,13,11
226,198,1.7977,0,25,31
43,36,1.7962,0,26,29
101,72,1.7961,0,10,19
314,150,1.7959,0,21,33
27,16,1.7957,0,14,84
160,151,1.7952,0,13,7
214,181,1.7952,0,14,36
162,65,1.795,0,72,68
248,69,1.7948,0,15,45
270,250,1.7946,0,44,83
267,238,1.7944,0,63,16
244,47,1.7944,0,34,88
124,88,1.7942,0,31,16
42,9,1.7939,0,30,59
191,131,1.7935,0,14,17
312,212,1.7931,0,12,18
293,196,1.7929,0,15,19
305,87,1.7922,0,43,43
61,55,1.7921,0,40,25
44,37,1.7902,0,45,39
151,115,1.7889,0,7,25
215,206,1.7886,0,25,16
106,84,1.7883,0,19,44
149,127,1.7879,0,35,18
189,154,1.7879,0,14,10
128,70,1.7876,0,13,31
291,197,1.7873,0,46,87
328,320,1.7873,0,66,32
291,248,1.7863,0,46,15
80,68,1.7863,0,22,34
139,131,1.7859,0,15,17
243,171,1.7855,0,48,36
319,296,1.7854,0,37,31
229,141,1.7851,0,22,10
179,173,1.7848,0,57,37
327,259,1.7846,0,21,31
237,192,1.7838,0,20,13
67,22,1.7837,0,31,67
213,134,1.783,0,13,20
237,136,1.7827,0,20,10
38,15,1.7826,0,70,85
192,110,1.7822,0,13,17
251,245,1.7819,0,24,22
287,179,1.7818,0,65,57
292,274,1.7817,0,53,68
156,141,1.7807,0,13,10
294,72,1.78,0,18,19
316,133,1.7799,0,9,10
191,27,1.7788,0,14,14
164,128,1.7775,0,13,13
134,127,1.777,0,20,18
153,104,1.777,0,12,13
214,88,1.7769,0,14,16
270,244,1.7764,0,44,34
278,126,1.7761,0,29,19
312,105,1.7752,0,12,32
314,137,1.7749,0,21,12
212,137,1.7745,0,18,12
318,151,1.7745,0,16,7
158,125,1.7743,0,26,14
280,251,1.7741,0,18,24
260,152,1.7739,0,16,12
313,192,1.7738,0,9,13
293,77,1.7736,0,15,26
118,61,1.7736,0,28,40
151,137,1.7735,0,7,12
12,4,1.7734,0,29,22
191,113,1.7733,0,14,13
244,185,1.773,0,34,38
225,218,1.773,0,63,37
127,111,1.7722,0,18,32
126,73,1.7722,0,19,37
100,88,1.7713,0,15,16
192,126,1.7711,0,13,19
313,195,1.7708,0,9,16
222,154,1.7704,0,9,10
192,130,1.7703,0,13,15
42,34,1.7697,0,30,69
269,173,1.7684,0,48,37
152,52,1.7683,0,12,19
60,49,1.768,0,24,71
81,74,1.7679,0,20,44
158,29,1.7675,0,26,11
318,294,1.7674,0,16,18
42,35,1.7674,0,30,57
196,153,1.7673,0,19,12
186,156,1.7672,0,27,13
93,87,1.7666,0,16,43
161,153,1.7666,0,18,12
41,29,1.7659,0,57,11
129,109,1.7658,0,11,19
312,231,1.7655,0,12,19
237,60,1.7654,0,20,24
38,25,1.7653,0,70,67
127,102,1.7649,0,18,20
299,160,1.7648,0,11,13
258,118,1.7633,0,17,28
152,116,1.7626,0,12,14
212,154,1.7619,0,18,10
98,70,1.7616,0,27,31
283,80,1.761,0,12,22
318,141,1.7608,0,16,10
313,306,1.7607,0,9,15
252,245,1.7607,0,75,22
162,119,1.7602,0,72,51
239,232,1.7602,0,49,50
151,138,1.76,0,7,26
323,289,1.7598,0,69,49
95,53,1.7591,0,31,80
312,101,1.7591,0,12,10
108,85,1.7591,0,16,14
110,88,1.759,0,17,16
155,147,1.7589,0,11,26
175,167,1.7586,0,37,35
143,93,1.7573,0,25,16
277,222,1.7573,0,22,9
316,100,1.7572,0,9,15
278,81,1.7569,0,29,20
93,77,1.7568,0,16,26
215,129,1.7552,0,25,11
190,116,1.7552,0,18,14
152,142,1.7551,0,12,22
283,199,1.7551,0,12,18
293,18,1.7549,0,15,32
192,132,1.7545,0,13,15
213,127,1.7545,0,13,18
111,97,1.7542,0,32,19
189,129,1.7541,0,14,11
217,133,1.754,0,16,10
317,154,1.7539,0,13,10
283,115,1.7523,0,12,25
64,56,1.7521,0,59,78
132,104,1.7519,0,15,13
316,155,1.7517,0,9,11
127,108,1.7516,0,18,16
135,127,1.7513,0,10,18
193,111,1.7506,0,15,32
237,158,1.7503,0,20,26
228,216,1.7502,0,41,14
234,228,1.7501,0,15,41
54,25,1.7501,0,54,67
270,247,1.7495,0,44,81
142,136,1.7492,0,22,10
117,55,1.7488,0,21,25
133,69,1.7486,0,10,45
214,100,1.7482,0,14,15
193,70,1.7481,0,15,31
315,152,1.7479,0,9,12
138,131,1.7479,0,26,17
258,152,1.7479,0,17,12
302,294,1.7474,0,25,18
318,118,1.7469,0,16,28
295,258,1.7465,0,32,17
256,225,1.7465,0,40,63
117,81,1.7463,0,21,20
274,16,1.7462,0,68,84
133,115,1.7461,0,10,25
283,155,1.746,0,12,11
38,27,1.7457,0,70,14
294,195,1.7455,0,18,16
312,237,1.7451,0,12,20
153,133,1.7447,0,12,10
218,150,1.7446,0,37,33
214,131,1.7443,0,14,17
224,154,1.7443,0,22,10
291,246,1.7443,0,46,48
152,127,1.7442,0,12,18
141,128,1.7442,0,10,13
298,132,1.744,0,22,15
281,161,1.7437,0,20,18
38,24,1.7436,0,70,56
220,18,1.7436,0,29,32
33,26,1.7433,0,30,32
30,21,1.7428,0,66,94
40,29,1.7423,0,27,11
189,140,1.7421,0,14,9
217,28,1.742,0,16,23
153,102,1.7417,0,12,20
187,151,1.7411,0,55,7
220,152,1.7411,0,29,12
126,106,1.7408,0,19,19
313,190,1.7408,0,9,18
161,129,1.7407,0,18,11
244,229,1.7404,0,34,22
109,94,1.7404,0,19,34
315,139,1.7396,0,9,15
152,140,1.7393,0,12,9
117,65,1.7388,0,21,68
199,138,1.738,0,18,26
311,217,1.7374,0,17,16
316,295,1.7369,0,9,32
224,191,1.7369,0,22,14
192,135,1.7368,0,13,10
31,17,1.7368,0,55,17
218,157,1.7367,0,37,21
305,93,1.7367,0,43,16
315,306,1.7365,0,9,15
302,211,1.7364,0,25,14
139,108,1.7361,0,15,16
318,312,1.7354,0,16,12
224,118,1.7352,0,22,28
276,18,1.735,0,25,32
158,126,1.7348,0,26,19
288,244,1.7347,0,65,34
189,141,1.7343,0,14,10
168,134,1.734,0,20,20
154,91,1.7338,0,10,64
34,18,1.7338,0,69,32
127,113,1.7336,0,18,13
153,132,1.7335,0,12,15
220,29,1.7331,0,29,11
315,115,1.7325,0,9,25
154,143,1.7319,0,10,25
21,9,1.7306,0,94,59
153,129,1.7306,0,12,11
325,100,1.7305,0,19,15
215,154,1.7304,0,25,10
98,68,1.7302,0,27,34
321,165,1.7301,0,24,13
273,167,1.73,0,60,35
317,140,1.7299,0,13,9
154,29,1.7298,0,10,11
80,27,1.7295,0,22,14
191,111,1.7294,0,14,32
119,18,1.7293,0,51,32
312,236,1.7291,0,12,15
127,110,1.7283,0,18,17
313,137,1.728,0,9,12
117,52,1.7279,0,21,19
211,137,1.7279,0,14,12
190,128,1.7278,0,18,13
215,152,1.7278,0,25,12
291,160,1.7277,0,46,13
141,105,1.7274,0,10,32
252,147,1.7273,0,75,26
191,163,1.727,0,14,41
313,215,1.7267,0,9,25
289,169,1.7266,0,49,23
57,5,1.7264,0,25,64
45,8,1.7264,0,69,74
191,107,1.7254,0,14,49
100,71,1.7252,0,15,27
259,190,1.725,0,31,18
293,82,1.7244,0,15,52
316,151,1.724,0,9,7
230,154,1.7238,0,14,10
188,70,1.7237,0,31,31
130,109,1.7237,0,15,19
141,129,1.7236,0,10,11
26,20,1.7233,0,32,87
196,154,1.7232,0,19,10
192,138,1.723,0,13,26
212,134,1.7228,0,18,20
326,286,1.7219,0,73,75
112,48,1.7217,0,22,22
255,192,1.7216,0,22,13
34,27,1.7212,0,69,14
78,70,1.7209,0,34,31
153,143,1.7208,0,12,25
314,108,1.7203,0,21,16
194,101,1.7198,0,18,10
153,107,1.7197,0,12,49
171,163,1.7191,0,36,41
329,323,1.7189,0,33,69
125,105,1.7183,0,14,32
311,117,1.7181,0,17,21
119,97,1.7181,0,51,19
160,141,1.7181,0,13,10
227,131,1.7181,0,18,17
317,188,1.7179,0,13,31
301,64,1.7177,0,31,59
60,54,1.7176,0,24,54
210,178,1.7175,0,35,88
191,18,1.7174,0,14,32
158,88,1.7173,0,26,16
214,135,1.7173,0,14,10
294,117,1.7169,0,18,21
316,214,1.7162,0,9,14
312,133,1.7157,0,12,10
272,251,1.7154,0,73,24
42,13,1.7152,0,30,76
193,113,1.7151,0,15,13
235,141,1.7151,0,14,10
248,219,1.715,0,15,24
312,235,1.7149,0,12,14
157,147,1.7147,0,21,26
189,133,1.7147,0,14,10
139,113,1.7144,0,15,13
110,29,1.7143,0,17,11
113,100,1.714,0,13,15
235,104,1.7139,0,14,13
213,129,1.7139,0,13,11
227,218,1.7133,0,18,37
318,138,1.7133,0,16,26
157,132,1.7128,0,21,15
212,132,1.7125,0,18,15
143,95,1.7118,0,25,31
